# Classmap: {0: EMPTY, 1..9: #_MACHINE, 10: OUT, 11..19: #_HAND}

Evaluating
Training dev [('loss', 0.2806393802165985), ('categorical_accuracy', 0.8883406519889832)]
Finetuning dev [('loss', 0.0892883837223053), ('categorical_accuracy', 0.9501683712005615)]
Test [('loss', 0.37662017345428467), ('categorical_accuracy', 0.9629629850387573)]
[('loss', 0.37662017345428467), ('categorical_accuracy', 0.9629629850387573)]
              precision    recall  f1-score   support

           0       1.00      0.99      1.00       115
           1       0.95      1.00      0.98        20
           2       1.00      1.00      1.00        18
           3       0.94      0.94      0.94        16
           4       1.00      0.95      0.97        19
           5       0.88      0.93      0.90        15
           6       1.00      1.00      1.00        17
           7       0.95      0.95      0.95        22
           8       1.00      1.00      1.00        18
           9       1.00      1.00      1.00        17
          11       0.95      0.95      0.95        20
          12       0.87      0.83      0.85        24
          13       1.00      0.83      0.91        24
          14       1.00      1.00      1.00        23
          15       0.96      0.96      0.96        26
          16       0.96      0.92      0.94        25
          17       0.80      0.94      0.86        17
          18       0.93      1.00      0.96        25
          19       0.96      1.00      0.98        25

    accuracy                           0.96       486
   macro avg       0.96      0.96      0.96       486
weighted avg       0.96      0.96      0.96       486
